v2.0 raw
0 201 211 8007 2140 8007 2140 8007
2140 8007 2140 147 0 107 84 8000
484 107 c4 211 2000 8005 211 2102
a3 484 211 40 8003 8003 a6 211
8003 8003 218 0 4007 2000 8 211
0 8003 144 480 148 484 145 0
211 2000 40 807 0 0 8005 83
147 4a4 211 2000 0 0 0 0
0 0 0 0 0 0 0 0
0 0 0 0 0 0 0 0
0 0 0 0 0 0 0 4a4
0 484 0 0 0 0 0 a4
4a4 0 0 0 4a4 8003 211 8003
211 8003 211 403 8003 211 8003 211
8003 211 803 0 0 211 211 211
211 0 0 0 0 0 4a4 0
4a4 0 0 0 8005 a3 0 211
8000 211 142 8003 211 8003 211 8003
211 1003 0 0 0 0 0 0
0 4a4 0 4a4 4007 2000 8 4a4
484 8020 4007 2000 8 0 0 4001
0 0 0 0 4a5 0 8a0 85
210 20 84 800 147 0 211 8003
8003 a6 4001 210 211 8003 8003 211
2004 2087 211 8003 211 0 0 0
0 0 8003 211 8003 211 8003 213
0 0 0 0 0 0 0 0
0 0 0 0 0 0 0 0
0 0 0 0 0 0 0 0
0 0 0 0 0 0 0 0
0 0 0 0 0 0 0 0
0 0 0 0 0 0 0 0
0 4011 0 0 0 0 0 0
0 0 0 0 0 0 0 0
0 0 0 0 0 211 8003 8003
a5 0 0 0 0 0 0 0
0 0 0 0 0 0 0 0
0 0 0 0 0 0 0 0
0 0 0 0 0 0 211 8003
8003 85 0 0 0 0 0 0